2083 - 16/06/2020 - 05 09 12 14 24 29 32 41 44 54 57 66 68 72 74 76 89 90 93 94
2082 - 12/06/2020 - 05 13 19 20 25 28 42 44 49 54 55 57 66 68 76 78 84 86 89 90
2081 - 09/06/2020 - 00 01 03 04 18 23 29 30 43 48 50 57 63 73 79 80 86 87 94 95
2080 - 05/06/2020 - 01 07 09 11 12 20 29 31 39 41 42 54 55 59 67 69 72 73 74 87
2079 - 02/06/2020 - 06 31 34 36 39 43 44 45 51 52 54 62 63 64 65 69 72 78 79 84
2078 - 29/05/2020 - 00 05 14 15 22 24 26 28 30 42 43 50 53 55 58 59 68 78 96 99
2077 - 26/05/2020 - 11 12 16 17 20 21 22 23 24 25 27 28 39 50 52 62 73 85 92 94
2076 - 22/05/2020 - 00 03 06 10 16 25 33 34 44 51 52 53 56 67 77 81 83 87 97 99
2075 - 19/05/2020 - 00 11 12 14 21 25 26 30 35 36 46 53 56 58 60 66 69 78 85 87
2074 - 15/05/2020 - 04 07 13 16 20 34 45 47 52 54 55 56 58 60 65 72 91 92 95 96
